xmax: -0.459109
xmin: -0.591873
ymax: 0.138997
ymin: -0.294806