xmax: -0.49782
xmin: -0.854516
ymax: -0.340233
ymin: -0.629489