xmax: 0.581589
xmin: 0.305802
ymax: 0.232677
ymin: 0.020508