xmax: 0.512379
xmin: 0.462045
ymax: 0.181562
ymin: 0.020508