URSA MAJOR
xmax: -0.298198,
xmin: -0.824062,
ymax: 0.474377,
ymin: -0.294806