xmax: 0.010128
xmin: -0.200728
ymax: 0.007897
ymin: -0.239467